A,-11.708643913269043,-15.74937915802002
C,43.74588394165039,-8.96874713897705
D,24.587413787841797,27.561397552490234
E,4.733999252319336,-5.69326114654541
F,23.975112915039062,-21.61224365234375
G,-8.490303993225098,-43.711883544921875
H,-5.658634185791016,10.27360725402832
I,39.911312103271484,-31.6390380859375
K,-62.892791748046875,49.036529541015625
L,24.38127326965332,-10.956546783447266
M,19.881275177001953,2.024782180786133
N,21.327919006347656,42.667274475097656
P,35.66022872924805,25.38894271850586
Q,63.37813186645508,41.406005859375
R,-68.24689483642578,38.745147705078125
S,52.58456039428711,42.39448165893555
T,9.299630165100098,-21.307397842407227
V,19.217422485351562,-39.49086380004883
W,-74.84994506835938,50.31768035888672
Y,9.502342224121094,53.10060501098633
